id,target_0,target_1,target_2,target_3,target_4,target_5,target_6
0,0.08020807118535439,0.07035995117081525,0.2703637197141636,0.02624409152803021,0.34190006732784745,0.040422901852163094,0.17050119722162607
1,0.057298158005941534,0.19609109691075674,0.03083324346142808,0.005082537907421694,0.05722316999179513,0.4926377359192717,0.16083405780338517
2,0.08739439308798506,0.046720437825978775,0.11619493509494135,0.007853827534271485,0.04660978277931073,0.561687829266447,0.13353879441106553
3,0.2294973436560986,0.15890422717492392,0.05810319525382339,0.13658340578121647,0.15730447698077638,0.005861350604328978,0.25374600054883223
4,0.05265779385102881,0.23966124365152658,0.07854629382210557,0.48595574197254593,0.022791247828944188,0.0143347136751694,0.10605296519867949
5,0.09158658452131377,0.34399734701582785,0.29606917900392105,0.08363981538901252,0.14670665768025398,0.004371870916663251,0.03362854547300763
6,0.1325842479436808,0.24602750254227215,0.07201043019532392,0.4617123937413039,0.022352937588471018,0.027158280765856864,0.03815420722309135
7,0.02809334109388064,0.1443748995514707,0.08107882381053262,0.13765096146468422,0.060948492688246925,0.5361699104332236,0.011683570957961199
8,0.13037739919574876,0.13868872828599038,0.22667831171127334,0.15972132353988303,0.3167738339935645,0.013383226372273063,0.014377176901266952
9,0.11123258452567222,0.45053038939036505,0.22995965371984664,0.08298807369341846,0.09969061919743845,0.008829290551205436,0.016769388922053742
10,0.2789899661373769,0.05218307962356282,0.3011501944685698,0.012051608639003128,0.273843412991245,0.020065806248800576,0.061715931891441825
11,0.3431075284756371,0.041070997754685284,0.20473793439632945,0.013585907056745516,0.285606366205489,0.006957147274122132,0.10493411883699147
12,0.17645082358644842,0.0375147057087309,0.3547947952772465,0.007260109187337225,0.21614334080369182,0.02346385985374097,0.18437236558280412
13,0.2850650666882197,0.04087022048656061,0.3140976798455381,0.08334882685121706,0.23960023658845442,0.01640174714584649,0.020616222394163643
14,0.2838922494327471,0.051125328337473006,0.3400578311479231,0.007166243103204603,0.23644804756623036,0.016875919720871817,0.06443438069155003
15,0.09143961191362185,0.268634078155248,0.11910125751402889,0.4430925252714424,0.047194323610989596,0.0033940211186007374,0.02714418241606854
16,0.02106141923601228,0.18909762724409465,0.05979620736278357,0.36146819105096417,0.03272880941545604,0.30288874780307373,0.032958997887615527
17,0.20896884105111,0.016205725456094146,0.32884003707180665,0.009548192477382134,0.22036550907547792,0.14384699831724232,0.0722246965508869
18,0.021975097798395748,0.21345873108768937,0.12130091173273513,0.016240355069206895,0.09127253308096545,0.5158605072402029,0.019891863990804386
19,0.11527650365350232,0.18274390717332062,0.2561434615370682,0.36064680551431133,0.03110110726935973,0.03637213246493056,0.017716082387507222
20,0.04982035782910081,0.23541213193156282,0.12837466473681872,0.4779032939134965,0.08402692238100476,0.005206276156982865,0.01925635305103349
21,0.2824784041191943,0.049447114777117086,0.2286078705142705,0.014493075289740786,0.34879273185076315,0.005149338839147926,0.07103146460976631
22,0.04531176623392003,0.05349262379460471,0.11306744901840153,0.2498507583130365,0.02974420483636401,0.49702055218198915,0.01151264562168412
23,0.2816422647834658,0.02901170613526543,0.19634470390894396,0.006785640827578465,0.31432682942235746,0.014882008233027866,0.1570068466893611
24,0.08534576171291315,0.2958396205559912,0.1269324815530763,0.4203989663637627,0.024208960661751537,0.029035475546251743,0.01823873360625341
25,0.40075781756957723,0.13940917160284338,0.16461829758898516,0.0634919209904949,0.06898195518315167,0.02084629222110748,0.14189454484384026
26,0.1119704108321928,0.26668233221826054,0.05374903468849982,0.008493789392945489,0.05009754314265237,0.45404009892984354,0.05496679079560535
27,0.12897263593248637,0.14148636864368386,0.07109893359503593,0.04713071045693249,0.041427718971917604,0.5566873061877462,0.013196326212197532
28,0.20264410461709162,0.04969007880247091,0.2487175427177811,0.029758651064559764,0.4041348751245808,0.024266687334023974,0.040788060339491936
29,0.04589932305465971,0.018787465240172777,0.09865734256536554,0.008192927109208324,0.13372926918789635,0.4030493600515408,0.29168431279115653
30,0.06036998663936129,0.37599965187086953,0.11300723175178237,0.2914836841541658,0.03544328353915009,0.004494050913057974,0.11920211113161297
31,0.14826809647182557,0.09922864261966258,0.15492396425097585,0.006765565647279574,0.08196971370488755,0.19994732865116555,0.30889668865420333
32,0.08427222615226068,0.07711553082884068,0.2920166352833352,0.008503328545195737,0.20687155772872506,0.14407349766623734,0.1871472237954053
33,0.3805101346027571,0.09013429015202279,0.22252728375371983,0.01765747131794743,0.12902522357244672,0.005662026483246392,0.15448357011785974
34,0.14831229155364883,0.23541259838358153,0.08967766394823087,0.33404004008927773,0.03209108980059319,0.028459025192406708,0.1320072910322611
35,0.226076538513977,0.03412320494709567,0.2676927407407748,0.013883349250304707,0.32171539533909815,0.004737434023525133,0.13177133718522455
36,0.2049546169263658,0.018837111270913323,0.27810465813592555,0.008234719701913827,0.3058327454948602,0.11759142415127041,0.06644472431875081
37,0.056868183163135674,0.4392339207096422,0.16979000707125716,0.1276223576175371,0.0844960274473023,0.01580529731850906,0.1061842066726166
38,0.21748398289016482,0.047204563704962184,0.3054110695832028,0.014508778309053616,0.3359256285255925,0.005342032923136187,0.07412394406388792
39,0.18091528863421588,0.03012352662982003,0.25732706968685537,0.01241028284702882,0.38455431099573556,0.009144447916337268,0.12552507329000706
40,0.14580981469671297,0.03029835871564812,0.3017750121698163,0.022794171137055487,0.31383844816252005,0.17374028001535577,0.011743915102891318
41,0.10619146851802189,0.12919219797421352,0.10940891427326487,0.0058250335064303745,0.15688638966363563,0.45815682840601246,0.0343391676584213
42,0.09623149580143932,0.3964218292410822,0.07897034271690848,0.3107326177947767,0.02270762511292573,0.020721623800758975,0.0742144655321086
43,0.14070526561208194,0.021696552125073314,0.34092103909746413,0.011769281953795958,0.2917410639495618,0.14111667084641108,0.05205012641561178
44,0.13200582293831645,0.025753251684071665,0.3490272997019882,0.27094271191544,0.11516740664965881,0.09479887039293436,0.01230463671759051
45,0.3159723128003816,0.013771757259424412,0.23712039486566033,0.0072491853444267545,0.1447592252010112,0.1863970373209903,0.09473008720810544
46,0.022249894844721462,0.1557040099835336,0.03422238958813553,0.18718336728229967,0.03881423315467193,0.5082023443944387,0.05362376075219908
47,0.12037309657249073,0.23715900532853293,0.036628216576529385,0.485542084515853,0.03521491870557507,0.061129134349668005,0.023953543951350874
48,0.06015805344235292,0.23852401600764464,0.05588745748145246,0.4814554774673754,0.0217066755361004,0.055324411182065235,0.08694390888300899
49,0.02777406922137865,0.13132118039286628,0.10886378933704692,0.01565782728959873,0.1020690168028823,0.5662986465879323,0.04801547036829495
50,0.2621760875122142,0.010668181028134289,0.23531275067461427,0.013983742091004971,0.22835736238753412,0.20670135900311912,0.04280051730337908
51,0.3031615458684985,0.03033811298583241,0.27297042347538414,0.01616127310263427,0.27902219923158467,0.006425157287401434,0.09192128804866459
52,0.16417913396065556,0.03231379534876781,0.06846244948779616,0.009571972789575008,0.1126310099863856,0.4620932308245087,0.15074840760231106
53,0.1613032349251104,0.01986921742284487,0.23792099869100283,0.01947810877561517,0.13632232954736984,0.008381786008548253,0.41672432462950865
54,0.15609577613620843,0.011145644784881698,0.27508892960691983,0.011435008796591142,0.16134246641748817,0.04085810643033626,0.3440340678275744
55,0.10851183648419002,0.0530475697850902,0.15110331789526582,0.06528124916353326,0.047721063032892794,0.17879926225145415,0.3955357013875738
56,0.16577866207210884,0.23714109708729209,0.2444099507455789,0.030891404574171867,0.28963218338687724,0.00855456672941354,0.023592135404557506
57,0.20952304742034628,0.021475322798620883,0.120152927687985,0.005861900210719634,0.1677712465765071,0.02858215468139271,0.4466334006244283
58,0.1763487147238662,0.03475949287622418,0.3224843477937945,0.02142367800418697,0.29078306215642813,0.004525469731874709,0.14967523471362532
59,0.21389740745259073,0.23872395305833755,0.09714582938075164,0.016121313755900684,0.32743865749933077,0.0071120706903917575,0.09956076816269668
60,0.054797897384897855,0.027421645814639996,0.20072101876595988,0.012738605397231104,0.20975852349769006,0.06553868688669981,0.4290236222528813
61,0.28092867527032034,0.0824936452446956,0.32029695706162303,0.007026839268651486,0.15766830172922464,0.05904536366188247,0.09254021776360238
62,0.07146644217249554,0.1911746898283792,0.32160358636249675,0.23432600886076527,0.09230394032172687,0.005303561381584018,0.08382177107255236
63,0.2249881744062198,0.02728681587049534,0.1726566835400074,0.006183167227038717,0.15382641892140045,0.013666198771902529,0.4013925412629358
64,0.2297048645033092,0.014295704333748872,0.15960011856198206,0.005900250681797987,0.12288483860025223,0.030620923296544412,0.4369933000223652
65,0.194941879845163,0.01779344222521923,0.2707251299519803,0.006951908202280215,0.3953908409301717,0.050593985210697245,0.06360281363448836
66,0.14873974198286752,0.01721408004800402,0.282706886448047,0.011249752043840502,0.22762213559759886,0.019308095424575736,0.29315930845506644
67,0.042632054024298385,0.0705344416376918,0.031678010657676024,0.24759996989957447,0.10536160973810067,0.3941684192301377,0.10802549481252097
68,0.2255189554396147,0.014649551115073055,0.11373214487985939,0.006037665721036926,0.18406205599740189,0.04776815699923207,0.40823146984778197
69,0.06350235822965597,0.41159960754079866,0.13126957822039517,0.2842900941754721,0.02616549357002317,0.008590330608205538,0.07458253765544934
70,0.18622556569403423,0.04693244364362349,0.26684792412059466,0.07960875246139902,0.30763591779499005,0.004755559517237522,0.10799383676812102
71,0.1399792373338513,0.16999996001792642,0.22951680149640313,0.05314237891243836,0.23985470414467738,0.012720102883861717,0.15478681521084167
72,0.062332311974483155,0.40841624247569214,0.10540335341936749,0.319260088750296,0.025848731470521046,0.012409993542629867,0.06632927836701026
73,0.04274515165781314,0.013403992292102646,0.1392210525601613,0.0206357236826684,0.17390017411629116,0.5225693043652493,0.08752460132571403
74,0.039303172803949384,0.3847517423612783,0.06888784743134749,0.32180186049380316,0.024345423803740194,0.06926671811387532,0.09164323499200619
75,0.18759170803613107,0.03040346225555743,0.2373225049038607,0.00675168945453829,0.1229724172577807,0.16047648618244997,0.25448173190968176
76,0.11382314172942891,0.07760420805646426,0.22215768485894652,0.0068176936501483185,0.32307024325775424,0.06993076827124085,0.186596260176017
77,0.12182770959781922,0.016105630041551584,0.09325475833190752,0.008380726049686846,0.14770703814163152,0.20421714162227717,0.40850699621512615
78,0.2410552678982457,0.028862967479778307,0.14395768132242845,0.006625945137713693,0.3441320453637609,0.015118849091321421,0.22024724370675147
79,0.04590877627714757,0.23628715344493728,0.07394945784989568,0.47659565561373735,0.03079013118012313,0.006363419899008698,0.13010540573515034
80,0.2829841560960994,0.012746547709567384,0.20574957432523874,0.009239720878330936,0.25422375448514695,0.11803665290133722,0.11701959360427934
81,0.22437537791345372,0.048442043970305555,0.32483279903212364,0.07838077062013679,0.2582942091806281,0.004529721507382363,0.0611450777759698
82,0.15059972413303582,0.014363862922978962,0.11570451665465675,0.005814497702426477,0.2482004534779075,0.029408739882143035,0.4359082052268515
83,0.09793098016106912,0.317276883455198,0.1100890975612114,0.3879713517519924,0.025601159939635725,0.04567661758717111,0.015453909543722269
84,0.2705158218858839,0.06397031467113373,0.2949996131173608,0.007104756679677464,0.292894193730762,0.013681485413473752,0.05683381450170849
85,0.20651052573526893,0.035292973279635945,0.3164410557886313,0.2774407289125971,0.08917962328712666,0.01279741060551988,0.06233768239122021
86,0.05835664992368276,0.22234145079177842,0.07000358196512246,0.4539129407195469,0.02570605181790759,0.15575761413872866,0.01392171064323314
87,0.171009473027756,0.1436757107275026,0.033134422905690186,0.3089758594637232,0.036764751210843605,0.25213158210520004,0.05430820055928433
88,0.09738784272833595,0.012221598196225977,0.051774797777442136,0.004679761261229888,0.1336919644548366,0.40612732481108094,0.29411671077084856
89,0.044873114622683154,0.03771457069867462,0.18060851295738906,0.005064379405879628,0.15071247803514912,0.5348806886416401,0.04614625563858433
90,0.24570435650275363,0.025553627763344973,0.12343843340453738,0.009367188532417135,0.22691520825362937,0.0101158284862269,0.3589053570570906
91,0.2988847064479034,0.021270714006894356,0.17294174270067414,0.006266051648188653,0.15536690991651156,0.020147108341292123,0.32512276693853576
92,0.04428341787507672,0.4068426393991927,0.1280389552426692,0.14879746841302047,0.17283781535033765,0.004386961223260955,0.09481274249644236
93,0.09889780444600046,0.2535693776037561,0.029841642631381095,0.030663121025775054,0.02786973639027305,0.4670209075634079,0.09213741033940624
94,0.07850342443628554,0.2835886252537622,0.11457777161162386,0.44308596615470996,0.029238362624917035,0.030557014219651058,0.020448835699050268
95,0.08044414144084114,0.1898295068645824,0.039579130643565975,0.07182987750928356,0.08492417077266663,0.5024069906822405,0.03098618208681985
96,0.10872876363494768,0.23740102569916197,0.09603423843683526,0.48347688034020175,0.02437121912657295,0.03012478576490288,0.01986308699737761
97,0.2809813975682213,0.053749752513018036,0.2541567496355338,0.13271394875495277,0.23454400898417194,0.006184591798796755,0.03766955074530536
98,0.18208136913213957,0.059688447801455366,0.0961642354541181,0.0059412108079007885,0.058073051553611546,0.4671872181008404,0.13086446714993413
99,0.25193278294655375,0.008530836091857993,0.09588114535376288,0.014476428991439815,0.1575639885257119,0.11030718283005018,0.3613076352606235
100,0.24750645241348984,0.029913314175565163,0.11551886637371281,0.008700531333934437,0.15412093467334823,0.006827587608503752,0.4374123134214457
101,0.3536546931917334,0.016365563799157604,0.16615201618690068,0.006765956845704461,0.294511259457266,0.06041049146993495,0.10214001904930296
102,0.253815410588834,0.03447126296748075,0.20263055101833097,0.009467773513413937,0.35564774894718876,0.00829015696902513,0.13567709599572647
103,0.049261522077211795,0.10051842267242009,0.1499049209008128,0.011693171149071722,0.112497876240147,0.5628019044440192,0.013322182516317432
104,0.189966961315213,0.05732654516824216,0.16167311401389692,0.149720260535413,0.23086752312989184,0.007525791116109895,0.20291980472123322
105,0.05090398515438913,0.29391315746041113,0.050276139173838275,0.42569158649360095,0.07851323770278346,0.009299586952640044,0.09140230706233707
106,0.28857221370542496,0.04416154457868516,0.2179584867632763,0.009443917351051712,0.35890222876036415,0.015580398612932927,0.06538121022826472
107,0.038782246911076776,0.14026427755654108,0.09836784973732761,0.08594125330539773,0.04781980975025618,0.1761157773072587,0.41270878543214196
108,0.022783559527995136,0.23491269825957167,0.11115335840034146,0.4737964554864865,0.07597257114792945,0.06380817759850257,0.017573179579173124
109,0.18684588505743918,0.03556891579670634,0.18655168758398705,0.008141850669277754,0.30858486691300224,0.008837260923835692,0.2654695330557518
110,0.1392986172853235,0.011384188477775715,0.1807262485969205,0.01686296858076306,0.15946114205629222,0.3488103599330403,0.14345647506988474
111,0.10052583705467225,0.38375754354089475,0.09800403225633589,0.014332768581032319,0.09235692532806275,0.09660557721219545,0.21441731602680658
112,0.1946834608617977,0.04895801404514295,0.24685434294394604,0.006997282807935576,0.4020619011593423,0.061400096655847766,0.03904490152598758
113,0.19136550264216337,0.08478253335339914,0.11677450041778896,0.2888129316350264,0.02669533653200588,0.027019083482328017,0.2645501119372882
114,0.3239723632663162,0.018603440263949302,0.13243429131177722,0.03601029275315705,0.2319594884769706,0.013396896396922705,0.24362322753090687
115,0.14362534812927957,0.271161018813202,0.10646327498236445,0.38011418962803706,0.03473899861317225,0.04412021406257232,0.019776955771372347
116,0.019975034383041854,0.08733052135207134,0.051595366852773175,0.2955232862399633,0.04528590903937232,0.4604752598463199,0.039814622286458115
117,0.05636686302991276,0.27921688747926343,0.11425665094750474,0.4094715729844146,0.0258004540458399,0.10008386285147838,0.014803708661586226
118,0.1499759242094516,0.04603011231257089,0.05543662865944791,0.010529312948519519,0.08217902880122023,0.54294023335792,0.11290875971086992
119,0.16203980172667629,0.01906076318763555,0.1477218687864076,0.008039356899622253,0.2159540459412405,0.01566114809195527,0.4315230153664625
120,0.26196136162200445,0.03666767192589014,0.22683418733728797,0.007222173625000103,0.37751211545814084,0.051789918554012514,0.03801257147766398
121,0.0817221354665256,0.060044096478562015,0.20210713045559192,0.020974979239176718,0.29551350939621845,0.016377496079196315,0.32326065288472905
122,0.04522781038470476,0.11773657601840523,0.045685640690887,0.24445785126719052,0.022438759387774475,0.4998509026528781,0.02460245959815995
123,0.19831860339056925,0.015357976132151844,0.13129375761584894,0.0063503906644881685,0.13017879915694336,0.12068629682502996,0.3978141762149684
124,0.15968576191758416,0.06989613783636159,0.247078329251891,0.012667881840491274,0.254001680540493,0.015149979860278242,0.24152022875290066
125,0.03756401646989489,0.2167751345509359,0.10048209754423991,0.4767927706220075,0.023316550586122378,0.04297132090853268,0.10209810931826671
126,0.28361887148763054,0.014794805191981831,0.23828332077303244,0.008029336853361685,0.22083375604841785,0.13708006259032676,0.09735984705524896
127,0.23629138422178766,0.036131064774585386,0.2719883411994512,0.012255711608124957,0.33563303331056593,0.0062409924433993475,0.10145947244208549
128,0.24946983007192364,0.012192497815502284,0.18944905267910292,0.05892790731786757,0.06963243706192865,0.35603802871279466,0.06429024634088024
129,0.08230481765288328,0.027534133062643962,0.09398460285060277,0.005075402136020948,0.10314765484177424,0.41030458597224556,0.2776488034838292
130,0.07747674554305152,0.3901362263081837,0.06552377498640538,0.2703798738132578,0.032843237266947434,0.004278123079172887,0.15936201900298136
131,0.3122070354961125,0.04681028065330274,0.23359579009926476,0.01586904232341387,0.318428659506484,0.004910960927511497,0.06817823099391052
132,0.05881436057463786,0.21607036497866142,0.09826893333902083,0.46053787454030076,0.025532505461992056,0.1272915259614446,0.013484435143942564
133,0.09529468135159413,0.020862732744010713,0.17877186918001212,0.006535604247122099,0.26457025689914826,0.25122724242457417,0.18273761315353845
134,0.2332303908356918,0.03923208008799657,0.34639735656266335,0.011819674173052113,0.26026684266520766,0.00784207760112825,0.10121157807426018
135,0.078452199738653,0.23826096668417324,0.09043836590860824,0.4802975050179514,0.025068163061186373,0.07157934484060015,0.015903454748827574
136,0.18869797857827697,0.03940072970714168,0.3185971042571821,0.08328120154678466,0.20769606410607383,0.004698796807214659,0.1576281249973261
137,0.23716296105856133,0.04142155141678772,0.24110805670005725,0.011686064033360262,0.24177263316245368,0.007078168411092367,0.2197705652176874
138,0.2147337445058229,0.02139182204898308,0.18414140282620856,0.0067172974394429045,0.38684516083236004,0.023996255390656994,0.16217431695652562
139,0.03387456790885534,0.16606088159390628,0.03045545030307817,0.26627563196437765,0.03238967279406945,0.2407834306093965,0.23016036482631663
140,0.11916065633626535,0.04504040172693472,0.21597503839742976,0.007659154102703747,0.1375058664791148,0.04939408520069845,0.42526479775685316
141,0.15010890797540302,0.3107546016433739,0.21487721511679508,0.038285509411626895,0.21204600405764515,0.0506611628030895,0.02326659899206652
142,0.15109823215405388,0.020628252854585274,0.24072419101874848,0.006816308148045877,0.3851168653054048,0.06440708778199786,0.13120906273716376
143,0.0789080708851824,0.2502223461215399,0.13236714724655754,0.47082539185254707,0.024498008526978296,0.01315332067828314,0.030025714688911687
144,0.2464369378271088,0.02232365763708862,0.09205015009344565,0.006237915266246929,0.15365213980265804,0.025318482535786068,0.4539807168376659
145,0.0341130764389337,0.060980664567820295,0.07108421020944715,0.014711208363589615,0.1426938095526164,0.31176269890310815,0.3646543319644847
146,0.049824175532592246,0.1011066664253369,0.05053555451517465,0.25421220172006437,0.023547835092297246,0.5056543872712872,0.01511917944324721
147,0.06550560064794574,0.38760090027084926,0.055802005170994894,0.30420562812989566,0.023790107618908242,0.010686153687545035,0.15240960447386115
148,0.06105658729806292,0.2502684059176318,0.051168126713270465,0.4492199313828924,0.02786131949743375,0.056834548049874346,0.10359108114083437
149,0.225850118788839,0.06996459218484101,0.2677263347381219,0.04042646999726526,0.22290188575677344,0.008043998209734655,0.16508660032442476
150,0.044469158948961404,0.40190813247180335,0.07571284971524783,0.31207767869042663,0.02908042423963253,0.03977425119264601,0.09697750474128224
151,0.18288133958450642,0.03861465715401454,0.3143603983270421,0.009005345074486856,0.35109328442489185,0.04813746296610258,0.05590751246895561
152,0.05551218699117878,0.18912396116315094,0.07676895947239928,0.11717961776097315,0.025571230661357282,0.5240731055851197,0.011770938365820948
153,0.06403316107531856,0.26326183935854564,0.1016486342545436,0.4641351247900879,0.02210701789621179,0.04884425917722303,0.03596996344806948
154,0.03926952302322235,0.19157012523172842,0.07551715164760281,0.398974434785374,0.025892311976207838,0.04807986802492299,0.22069658531094163
155,0.08572377578973224,0.03184860060477307,0.15926892012175756,0.004966326017124254,0.14050936328474023,0.5196381344942351,0.058044879687637586
156,0.18519480432200175,0.08406706650996958,0.3252520862035422,0.014983754616987626,0.31710166635510995,0.027859006658099743,0.04554161533428919
157,0.227881581667702,0.056659545563081615,0.18431586433511543,0.007433814924925533,0.33850741693334685,0.012494986770947772,0.1727067898048808
158,0.04663128546967059,0.23434994291254582,0.06624244847087543,0.47590363998565455,0.02146657800285566,0.03630094484244688,0.11910516031595111
159,0.037056680520258754,0.12302390300157054,0.06092580411000596,0.23504034611048558,0.02160806686694735,0.5051503437858058,0.017194855604925906
160,0.03541648107069498,0.25830873030583956,0.04156482095030886,0.041071810633885986,0.024231711401158817,0.4335844484795358,0.16582199715857598
161,0.20202897071616183,0.07228529342933929,0.39124825388064755,0.04229436488095065,0.21641801496568838,0.03049658088951651,0.04522852123769587
162,0.15379462392674487,0.05517208191496916,0.24902543199139462,0.013090592912302102,0.34216215237981357,0.03974334375786402,0.14701177311691163
163,0.09671712893747023,0.24010520228492985,0.06048404730649774,0.48812895900451936,0.027388181619577706,0.028096933762299152,0.059079547084705954
164,0.08556172368691017,0.3329959523339171,0.09044751091853212,0.06977782626184341,0.2847626143799095,0.06442568302678672,0.07202868939210098
165,0.3771943049378315,0.013084927849738331,0.13692723971239998,0.00927918874929576,0.2251256065183648,0.1002012681446059,0.1381874640877637
166,0.07660305267477957,0.024601572900102436,0.06768373289569933,0.35006725321385385,0.02833522848144158,0.22501221165668328,0.22769694817743993
167,0.4001419541284733,0.03946816734019127,0.22812969382055245,0.012422550508847285,0.22992234554544977,0.00858102271774604,0.08133426593873991
168,0.2461190471040354,0.01789130601072018,0.0932377609871217,0.005928588770126129,0.15547373548717763,0.031485743054467,0.449863818586352
169,0.30106093509430176,0.04151481089442716,0.20486337400952181,0.007056480010387835,0.3092993435888248,0.029893065215358644,0.1063119911871779
170,0.1600932339319045,0.034994498224500986,0.2255484963317577,0.00746031884769374,0.1374517952984195,0.00930078969053183,0.4251508676751918
171,0.20483351801872285,0.2148219960935256,0.34593949951676056,0.08459822754086962,0.11699002776682418,0.00454956352109521,0.028267167542201953
172,0.3727433838415063,0.018023681678833815,0.18815368691102102,0.00664200227086183,0.21618097886827897,0.025940825856432037,0.17231544057306608
173,0.26678581886455455,0.16046154876833213,0.15488723609874208,0.01384643361461822,0.093254569857915,0.004630834298270184,0.30613355849756796
174,0.259845042999704,0.021915141402479497,0.13065783493369607,0.03157071017267367,0.08058653109632402,0.1134327444375395,0.3619919949575833
175,0.1907579355447116,0.017217356100336832,0.18782998235114462,0.0065952476518012695,0.3824686665378395,0.028061371985541643,0.1870694398286245
176,0.12701268931297993,0.12478274925011627,0.3586747604194406,0.1728514307095949,0.18973052982015448,0.005526302273915191,0.02142153821379861
177,0.22657106880539826,0.08075981928815093,0.25711615406804367,0.02506448998510592,0.37104196528606515,0.012109004139511504,0.02733749842772456
178,0.03355390449969671,0.2709653184467272,0.06299596179811792,0.4268314025148934,0.030079561917315683,0.1397212599465153,0.03585259087673379
179,0.22494027109658082,0.07716773629957334,0.37051903388097973,0.0567418970142437,0.1223439513387764,0.016502273847759964,0.13178483652208603
180,0.032412491949003655,0.1616198128375334,0.0920875338423108,0.1401459145748752,0.031012281143704284,0.5252480424683998,0.017473923184172756
181,0.047739867364220555,0.31715123031254605,0.08478748962039231,0.3607550812328254,0.03436085150801627,0.0057109096611850175,0.14949457030081448
182,0.17012356383224198,0.014440838924931176,0.09606368195675112,0.006672368895409025,0.22129018676554807,0.04258047667147542,0.4488288829536432
183,0.18978793137229888,0.06527313928020173,0.3792839696541376,0.06183823651029008,0.25366035412460236,0.030936849935610695,0.019219519122858606
184,0.11246521002410285,0.32638522173775114,0.05550446877586579,0.3342323812382171,0.024266602618402786,0.1282844674140325,0.018861648191627882
185,0.2661750752200128,0.027968085790944223,0.18111272972833628,0.007644418814632965,0.3761810459348105,0.013740413773756089,0.12717823073750714
186,0.08905405878385296,0.14871831409777445,0.18400758455008165,0.035065269515480404,0.13930741129083907,0.0851303093978355,0.318717052364136
187,0.03976361158364613,0.015051599044705932,0.23831049936140203,0.16474413191362142,0.13518360080793396,0.36628926392752437,0.04065729336116608
188,0.08542216681995388,0.3809380037483301,0.2316933324379553,0.21844049403135832,0.032608657268681486,0.013307709931640804,0.0375896357620801
189,0.033332205780507676,0.0926194540012689,0.09564213589981674,0.009203778097955662,0.26552846985724227,0.17204706562269143,0.3316268907405174
190,0.07013032962496409,0.22779726033645525,0.06487079409019259,0.4623085615261112,0.026310682829134603,0.13529616435389466,0.013286207239247543
191,0.05786828897417177,0.23311945859930144,0.09213902334206826,0.47902101883629555,0.023223205141182215,0.0120387394553752,0.10259026565160563
192,0.2945655852475353,0.1127485179494058,0.2530071141271256,0.05045693976513853,0.12021178837274707,0.1512530320535849,0.017757022484462735
193,0.03180826215547737,0.16106261452994433,0.07776546186342623,0.10619279823386352,0.027523737833301597,0.3308234026247104,0.2648237227592765
194,0.256965821938077,0.042178338718527594,0.1704362451838268,0.028184937302882872,0.31431606301795634,0.12818806694779888,0.059730526890930426
195,0.23989219473210843,0.033305315294185844,0.29955373797008944,0.007068473532673036,0.3171046542428885,0.021174101481444385,0.0819015227466103
196,0.08026413932821588,0.22599118899296125,0.055122033566435434,0.4631718413508656,0.020910077237976502,0.1374281867246705,0.01711253279887483
197,0.11306551033972527,0.26769348700957174,0.2266600657658048,0.040180334136472096,0.3255243910696445,0.004405750093829764,0.022470461584951897
198,0.31854081788191085,0.03560954044582706,0.2614767309789546,0.01652251823656815,0.25055342422945054,0.004506555616200462,0.11279041261108831
199,0.29529112650797973,0.030553759088843935,0.1835026509668655,0.034385964392784664,0.15872988637643914,0.005244300464964021,0.292292312202123
200,0.09932425354692945,0.2915214203495009,0.11603172142959561,0.41672036669059614,0.022245877389711018,0.01686382201237991,0.037292538581286935
201,0.34463704449420385,0.026106859650065244,0.16564229173068382,0.00631310287947637,0.12480239695420314,0.01970334714783548,0.31279495714353206
202,0.07471050574622187,0.11976171671873422,0.24321828963298878,0.43101722174568124,0.0527832831169445,0.00442498849407067,0.07408399454535877
203,0.023816737299535835,0.14539295058653345,0.06789192377915673,0.2828783365981415,0.026059513845192284,0.3728583140610334,0.08110222383040681
204,0.04878358204484907,0.05317751720056868,0.3136273240674946,0.066942107089741,0.17589436735834274,0.27611402962081505,0.06546107261818888
205,0.0791102785636287,0.3960317329253276,0.07815245075028716,0.3079422173734717,0.0242431970888982,0.01210639899870322,0.10241372429968339
206,0.06520784779909228,0.36156079766301014,0.15351041742259827,0.32688923414386234,0.03211801617745459,0.020385232676937808,0.04032845411704466
207,0.3020491923543197,0.06823598454399368,0.18661839527350282,0.02097023625185557,0.20527033132237277,0.17350812238101088,0.04334773787294448
208,0.32162931009825135,0.01735519580117817,0.2627938916720688,0.008288765416080396,0.2014478215175664,0.13237552886858678,0.05610948662626817
209,0.23523371081867178,0.03387354594403517,0.27462231436119183,0.009056358760403768,0.3413982194443278,0.009770180372445416,0.09604567029892426
210,0.10222240896708128,0.14681302131081211,0.1553334744455373,0.48374346831218523,0.04148218112830663,0.059644707073905436,0.010760738762172168
211,0.17913811124768975,0.05051815274392461,0.21709156573308563,0.006836691528951844,0.23471190729549632,0.13087144825343106,0.18083212319742079
212,0.16665225674493614,0.029269101398460052,0.3561986171651387,0.14630916548838654,0.26927930516758075,0.01061565146646042,0.02167590256903733
213,0.1790057918910813,0.03012249652868524,0.22524610291197159,0.0072332567859407105,0.15369720596544748,0.009146714077313671,0.39554843183956
214,0.11326491715684658,0.37204525042858017,0.07119013588529909,0.34926857421862356,0.03717062070990653,0.021867618120572845,0.03519288348017112
215,0.16757740194222645,0.2084813902821113,0.33323422458809404,0.17145066671209247,0.06491855803181842,0.0380290492181478,0.016308709225509546
216,0.09597022840963108,0.014816491480983551,0.28613204557271266,0.00847262912801252,0.337650753077833,0.1425509756677695,0.11440687666305768
217,0.058942187637684676,0.22006320474589666,0.04438843764396717,0.44894831157081344,0.02025801340208931,0.17565373649965152,0.03174610849989717
218,0.04254923109577016,0.04347949746857653,0.09204717297969692,0.21015417994985935,0.030901629974999744,0.5246690833127866,0.056199205218310753
219,0.06577398635373088,0.12129910742372103,0.057687027652133425,0.21437482805901284,0.025504559739560062,0.5042223747846916,0.011138115987150084
220,0.29815332688225743,0.12132822478176511,0.25226576786266425,0.015128933786193639,0.08483838846573423,0.21278503459949358,0.015500323621891767
221,0.049733820481966395,0.014971986174867774,0.174058601258605,0.14401599958540862,0.07279962686998848,0.5360207564028645,0.008399209226299265
222,0.04057196627182091,0.14795396041788283,0.06500509620267655,0.04106288556330127,0.17087437235467703,0.2539308741468016,0.2806008450428398
223,0.3406340707580587,0.05109020655716353,0.25761414059276827,0.009958447185575857,0.2675886425122421,0.012498945111824466,0.060615547282367024
224,0.14465900925258726,0.04796141818094299,0.26722475113794697,0.3947695024747022,0.08482672495664807,0.005412019240332895,0.055146574756839525
225,0.03802139778750385,0.048019379680439414,0.03631849927444807,0.2535535382862448,0.02608565171342489,0.5145598861865212,0.08344164707141781
226,0.2506156341583438,0.015967818238503316,0.06939543409546764,0.005589488125849762,0.10309826078868907,0.19524376580178385,0.3600895987913626
227,0.08960880053993656,0.4144720632530223,0.16655347505328658,0.23269160798236582,0.04025375418920848,0.006335053559334246,0.05008524542284607
228,0.2221531277074173,0.054616797902023784,0.3527884988397091,0.019364221588994653,0.23677141598998558,0.004598872140372134,0.10970706583149752
229,0.38113357927780184,0.15821086500035314,0.22001290217936562,0.11151373329674633,0.08581087248617278,0.015481312918909581,0.0278367348406507
230,0.03129601033148115,0.23743284410029478,0.07006498141704558,0.4827587579754253,0.02933208693109794,0.04675194773425551,0.10236337151039969
231,0.043471658791095345,0.16933185538822654,0.054170618636295284,0.04428216063766901,0.10236970936243076,0.5528188928401356,0.033555104344147275
232,0.04186422602629384,0.2527162506670506,0.09502848902421615,0.47249503779348717,0.0471887502182675,0.007229994693965114,0.08347725157671956
233,0.19231659968854503,0.027009085126875977,0.29499199767061557,0.006908543492353573,0.3602833268730517,0.018894740311374173,0.09959570683718397
234,0.2063589385417605,0.024958562018373508,0.07396359187639878,0.005941908290868064,0.07630486634871976,0.2784566714602875,0.33401546146359196
235,0.2913975721028251,0.015536199580981874,0.12464780033739782,0.007046131146234293,0.24790359422416022,0.02438752160524855,0.2890811810031522
236,0.06865603027948639,0.35968250501401816,0.0686110644353165,0.3585621973480314,0.037042602540569805,0.032196618527189094,0.07524898185538872
237,0.043252512212490546,0.08914323751344162,0.2448243715009244,0.03065108736211928,0.1874995644109634,0.00735400209539312,0.39727522490466766
238,0.04530803705859272,0.17040993711966065,0.0755284469567637,0.47488878970502724,0.030530660528618157,0.007567597163682972,0.19576653146765455
239,0.1593684937600682,0.02282125448063135,0.07521304308496497,0.006586760936470657,0.2836647221359701,0.0910369274360076,0.36130879816588707
240,0.042335817927631865,0.19975019772526473,0.1486011654588496,0.008919533301867151,0.168716090444666,0.07567136358108736,0.35600583156063337
241,0.21279632966147538,0.054947497649046564,0.32505933170072165,0.013969514425550764,0.33330705329333776,0.020182217650182244,0.03973805561968559
242,0.10587189961409152,0.23110279240341963,0.057073424600635025,0.47712954194828894,0.023257388577431964,0.08661133183177032,0.01895362102436255
243,0.26626798993993916,0.05122597214886413,0.23085431988471136,0.01743244395556162,0.3562014461069992,0.004831652542636508,0.07318617542128805
244,0.2176167026135524,0.2254537648195861,0.09062746648477404,0.02163306655998038,0.23177766651884002,0.006791168291525046,0.20610016471174197
245,0.022602817958173874,0.06635542529453775,0.05044343950226178,0.25602626893534247,0.03471970292682632,0.5144414665786916,0.055410878804166154
246,0.01878370391139702,0.07193939971780072,0.05689346229810334,0.18848364728999625,0.02719439348222303,0.5082445467007342,0.12846084659974538
247,0.08461827850012364,0.4015196484953609,0.15641535125866896,0.2770146911582244,0.027951026626925956,0.007225657485249846,0.04525534647544634
248,0.16859662079410676,0.09184085412451364,0.33158629274107243,0.009623951409238258,0.33721979401797564,0.013810863628266232,0.04732162328482703
249,0.07092356023933027,0.3979933501496576,0.0540183249491246,0.3127442123205487,0.022724240045102304,0.07150901605629634,0.07008729623994017
250,0.0390237147043658,0.16428242468672039,0.034859805108004016,0.44744511874581006,0.020267424176450423,0.15109780944855064,0.1430237031300987
251,0.039062608702699946,0.25120261471544325,0.09297964263972092,0.473360195243519,0.02303777043377358,0.036577711152105785,0.08377945711273746
252,0.0872588619362977,0.04440922281287217,0.1327969322044772,0.005368869755213932,0.17562430345827942,0.21190707872186873,0.3426347311109909
253,0.043893446994273375,0.0842581411118289,0.34005695660181157,0.11476609746404898,0.21509460818188933,0.18976244194210531,0.012168307704042576
254,0.07444844538052879,0.35775472653800516,0.02868124203807364,0.21717345276318775,0.0263996396285396,0.14276926881133586,0.1527732248403292
255,0.050414165304724555,0.04063659802348059,0.1611365539409431,0.006475392404923843,0.356660365200251,0.11852704449317168,0.2661498806325052
256,0.2344303622813792,0.19718044945299631,0.2202783846330671,0.01063908791878234,0.12823036585154554,0.028266203429779285,0.18097514643245022
257,0.17369213503339662,0.05337897881538024,0.27026654960366703,0.006579737699385103,0.3028193851184399,0.012173941614057042,0.18108927211567402
258,0.10567697804518798,0.3429568715653892,0.09544002193186976,0.09902659021685109,0.20800684495895688,0.1172524868437218,0.03164020643802327
259,0.1283825308912076,0.21382572218330576,0.302476659344984,0.11400659261590526,0.14555464785946498,0.02713758188549715,0.0686162652196353
260,0.1912982057521951,0.01823046024330057,0.10416568293459834,0.005886298454621325,0.21207610111547864,0.02031236058256613,0.44803089091723985
261,0.10106791587700208,0.01555590636425636,0.09199577903000088,0.006701991649232898,0.2648065311073341,0.3491546900213042,0.17071718595086954
262,0.16554613475665864,0.025262855428625795,0.23136419079194376,0.09383319391418524,0.13761043391414698,0.009654075612976234,0.3367291155814634
263,0.024016808912868077,0.2611071212440791,0.0414547552703046,0.26492866159005213,0.027031982909518415,0.28799474908982403,0.09346592098335367
264,0.12705266565779133,0.014757589126623328,0.2303224300079703,0.009346628566115107,0.3014099718479615,0.18799861087263264,0.1291121039209058
265,0.021782785267947,0.24129378509442212,0.10098029210522128,0.49032134532956595,0.037618143977683274,0.04849888591830287,0.05950476230685744
266,0.24820812243500995,0.01940668568770288,0.09240110593131026,0.015583002702573298,0.15889281506051559,0.014006745354415115,0.451501522828473
267,0.09831069016317587,0.0694079029278047,0.08401502164908833,0.40656594030701426,0.026708421803433014,0.302758559475813,0.012233463673670873
268,0.05956180164437115,0.09314077402093468,0.1249512715111067,0.4633649205770853,0.05399275106582217,0.13187163951420391,0.07311684166647599
269,0.14212376977918723,0.019627428679212997,0.2779010058311756,0.007733515970476823,0.3655274188859723,0.03905600027280342,0.1480308605811716
270,0.1622468224356098,0.04038923418123042,0.28970941960818825,0.010192989097996888,0.22706673199815902,0.007878704066644867,0.26251609861217073
271,0.23861151241335277,0.09268293909956885,0.2963589816405974,0.021113732810897005,0.30905285197954646,0.004565205101701751,0.03761477695433579
272,0.16632369893219046,0.02522369567068277,0.23490507236463137,0.010028140943915662,0.29775837773154035,0.05114326245525673,0.21461775190178273
273,0.06401136680155146,0.2416892748527708,0.06749430755118899,0.4918663797211654,0.06540017592119307,0.053126400939477215,0.016412094212653126
274,0.09696715882911038,0.24003835110307098,0.1056893357815929,0.4868848204292074,0.024534262266677393,0.02470046316385923,0.02118560842648177
275,0.06456981912387083,0.2511774637218639,0.05803054794976844,0.4745203386496623,0.02189657100263586,0.04192850219650498,0.08787675735569365
276,0.27547549816362665,0.08407811421982317,0.06220231381205619,0.20695904432086273,0.2010009334484979,0.012650704305250943,0.15763339172988244
277,0.05183188357017514,0.2204750007961264,0.028363137289419464,0.06151200250719839,0.0300715819846814,0.29224266356438483,0.3155037302880145
